spawn 0.00 1.55 7.00
floor -31.00 -0.50 -34.00 28.00 0.00 28.00
ceiling -31.00 2.15 -34.00 28.00 2.45 28.00
switch 19.00 0.05 7.00
switch -4.00 0.05 -19.00
switch -24.00 0.05 16.00
battery 1.00 0.05 -6.00 30.00
battery 7.00 0.05 -1.00 30.00
door 27.00 0.05 13.00 z
stalker 11.00 0.05 -14.00
spike -3.00 0.05 14.00
spike -26.00 0.05 25.00
spike -4.00 0.05 -13.00
spike -25.00 0.05 -22.00
spike -16.00 0.05 -1.00
spike 16.00 0.05 24.00
wall -30.00 0.00 -33.00 -29.00 2.15 28.00
wall -29.00 0.00 27.00 28.00 2.15 28.00
wall 27.00 0.00 -34.00 28.00 2.15 27.00
wall -31.00 0.00 -34.00 27.00 2.15 -33.00
wall -2.00 0.00 10.00 27.00 2.15 11.00
wall -4.00 0.00 -11.00 -2.00 2.15 11.00
wall -2.00 0.00 -11.00 21.00 2.15 -9.00
wall -2.00 0.00 1.00 21.00 2.15 3.00
wall 19.00 0.00 -22.00 21.00 2.15 -11.00
wall -5.00 0.00 -22.00 19.00 2.15 -21.00
wall -29.00 0.00 -9.00 -12.00 2.15 -8.00
wall -29.00 0.00 10.00 -12.00 2.15 12.00
wall -14.00 0.00 12.00 -12.00 2.15 20.00
