spawn 28.00 1.55 36.00
floor -38.00 -0.50 -44.00 36.00 0.00 44.00
ceiling -38.00 2.15 -44.00 36.00 2.45 44.00
switch 12.00 0.05 24.00
switch 19.00 0.05 12.00
switch -11.00 0.05 22.00
switch 22.00 0.05 -13.00
switch -24.00 0.05 -34.00
battery -21.00 0.05 27.00 30.00
battery -27.00 0.05 20.00 30.00
battery -27.00 0.05 30.00 30.00
battery -4.00 0.05 40.00 30.00
battery -4.00 0.05 2.00 30.00
battery -12.00 0.05 -8.00 30.00
battery -1.00 0.05 -9.00 30.00
battery -26.00 0.05 -18.00 30.00
battery -10.00 0.05 -20.00 30.00
battery -4.00 0.05 -34.00 30.00
battery 3.00 0.05 -34.00 30.00
battery 9.00 0.05 -1.00 30.00
door 34.00 0.05 27.00 z
stalker 10.00 0.05 -22.00
wall -38.00 0.00 -44.00 -36.00 2.15 44.00
wall -36.00 0.00 43.00 36.00 2.15 44.00
wall 34.00 0.00 -44.00 36.00 2.15 43.00
wall -36.00 0.00 -44.00 34.00 2.15 -42.00
wall 19.00 0.00 33.00 34.00 2.15 34.00
wall 19.00 0.00 34.00 20.00 2.15 39.00
wall 2.00 0.00 37.00 19.00 2.15 39.00
wall 2.00 0.00 18.00 4.00 2.15 37.00
wall -27.00 0.00 34.00 2.00 2.15 35.00
wall -24.00 0.00 7.00 -22.00 2.15 34.00
wall -32.00 0.00 22.00 -24.00 2.15 24.00
wall -18.00 0.00 10.00 -16.00 2.15 34.00
wall -16.00 0.00 27.00 -3.00 2.15 28.00
wall -6.00 0.00 12.00 -4.00 2.15 27.00
wall 4.00 0.00 18.00 17.00 2.15 20.00
wall 17.00 0.00 18.00 18.00 2.15 28.00
wall 7.00 0.00 27.00 17.00 2.15 28.00
wall 7.00 0.00 24.00 8.00 2.15 27.00
wall 18.00 0.00 18.00 26.00 2.15 20.00
wall 24.00 0.00 4.00 26.00 2.15 18.00
wall 4.00 0.00 4.00 24.00 2.15 7.00
wall 2.00 0.00 -21.00 4.00 2.15 7.00
wall 4.00 0.00 -9.00 27.00 2.15 -7.00
wall 25.00 0.00 -24.00 27.00 2.15 -9.00
wall -25.00 0.00 -6.00 2.00 2.15 -3.00
wall -21.00 0.00 -10.00 -16.00 2.15 -6.00
wall -18.00 0.00 -26.00 -16.00 2.15 -10.00
wall -32.00 0.00 -31.00 -16.00 2.15 -26.00
wall -16.00 0.00 -13.00 -4.00 2.15 -11.00
wall -6.00 0.00 -31.00 -4.00 2.15 -13.00
wall -4.00 0.00 -31.00 19.00 2.15 -29.00
wall 17.00 0.00 -29.00 19.00 2.15 -12.00
wall 10.00 0.00 7.00 11.00 2.15 13.00
wall -11.00 0.00 -3.00 -10.00 2.15 4.00
wall -18.00 0.00 -37.00 -16.00 2.15 -31.00
