spawn -2.00 1.55 -39.00
floor -37.00 -0.50 -44.00 35.00 0.00 43.00
ceiling -37.00 2.15 -44.00 35.00 2.45 43.00
switch -14.00 0.05 17.00
switch 4.00 0.05 17.00
panel 24.00 0.05 -42.00 9402
paper 12.00 0.05 17.00 4
paper 9.00 0.05 -37.00 9
paper -28.00 0.05 -1.00 2
paper 29.00 0.05 -6.00 0
battery -30.00 0.05 -34.00 30.00
battery -17.00 0.05 -36.00 30.00
battery -25.00 0.05 -39.00 30.00
battery 2.00 0.05 3.00 30.00
battery 30.00 0.05 -30.00 30.00
door 23.00 0.05 -42.00 x both 9402 0
stalker -28.00 0.05 8.00
spike -30.00 0.05 -26.00
spike -12.00 0.05 -31.00
spike -25.00 0.05 -29.00
spike -6.00 0.05 18.00
spike -15.00 0.05 27.00
spike 4.00 0.05 25.00
spike -32.00 0.05 15.00
spike -23.00 0.05 16.00
spike -32.00 0.05 21.00
spike -27.00 0.05 19.00
spike -23.00 0.05 22.00
spike -30.00 0.05 25.00
spike -23.00 0.05 25.00
spike -30.00 0.05 30.00
spike -23.00 0.05 30.00
spike -29.00 0.05 34.00
spike -23.00 0.05 35.00
spike -30.00 0.05 40.00
spike -1.00 0.05 -5.00
spike 10.00 0.05 6.00
spike 17.00 0.05 8.00
spike 9.00 0.05 -2.00
spike 12.00 0.05 30.00
wall -37.00 0.00 -44.00 -33.00 2.15 43.00
wall -33.00 0.00 41.00 35.00 2.15 43.00
wall 33.00 0.00 -44.00 35.00 2.15 41.00
wall -33.00 0.00 -44.00 34.00 2.15 -42.00
wall -9.00 0.00 -43.00 -7.00 2.15 -30.00
wall 3.00 0.00 -43.00 6.00 2.15 -29.00
wall -34.00 0.00 11.00 17.00 2.15 13.00
wall -20.00 0.00 13.00 -17.00 2.15 34.00
wall 7.00 0.00 13.00 9.00 2.15 33.00
wall -5.00 0.00 -16.00 -2.00 2.15 11.00
