spawn 0.00 1.55 7.00
floor -12.00 -0.50 2.00 14.00 0.00 19.00
ceiling -12.00 2.15 2.00 14.00 2.45 19.00
switch -8.00 0.05 10.00
switch -3.00 0.05 15.00
door 13.00 0.05 7.00 z
spike 5.00 0.05 15.00
spike 7.00 0.05 12.00
spike 9.00 0.05 13.00
spike 10.00 0.05 13.00
spike 9.00 0.05 14.00
spike 6.00 0.05 14.00
spike 10.00 0.05 15.00
wall -12.00 0.00 2.00 -10.00 2.15 19.00
wall -10.00 0.00 17.00 14.00 2.15 19.00
wall 13.00 0.00 2.00 14.00 2.15 17.00
wall -10.00 0.00 2.00 13.00 2.15 3.00
