spawn -34.00 1.55 0.00
floor -38.00 -0.50 -44.00 36.00 0.00 44.00
ceiling -38.00 2.15 -44.00 36.00 2.45 44.00
switch 13.00 0.05 22.00
switch -10.00 0.05 19.00
switch 16.00 0.05 -6.00
switch -32.00 0.05 -38.00
switch 30.00 0.05 39.00
switch -22.00 0.05 24.00
panel 4.00 0.05 42.00 5872
paper 20.00 0.05 -32.00 8
paper 20.00 0.05 37.00 5
paper -31.00 0.05 24.00 2
paper -17.00 0.05 38.00 7
battery -26.00 0.05 10.00 30.00
battery -12.00 0.05 -7.00 30.00
battery 17.00 0.05 1.00 30.00
battery 4.00 0.05 -8.00 30.00
battery -9.00 0.05 -15.00 30.00
battery 1.00 0.05 -36.00 30.00
battery -34.00 0.05 -23.00 30.00
battery 30.00 0.05 -18.00 30.00
battery -29.00 0.05 39.00 30.00
battery -4.00 0.05 36.00 30.00
battery 31.00 0.05 8.00 30.00
door 3.00 0.05 42.00 x both 5872 0
stalker -4.00 0.05 5.00
spike -20.00 0.05 15.00
spike -18.00 0.05 20.00
spike -15.00 0.05 22.00
spike -20.00 0.05 17.00
spike -20.00 0.05 -9.00
spike -19.00 0.05 -10.00
spike 19.00 0.05 -11.00
spike 20.00 0.05 -10.00
wall -38.00 0.00 -44.00 -37.00 2.15 44.00
wall -37.00 0.00 42.00 36.00 2.15 44.00
wall 34.00 0.00 -44.00 36.00 2.15 42.00
wall -38.00 0.00 -44.00 34.00 2.15 -42.00
wall -22.00 0.00 -8.00 -20.00 2.15 12.00
wall 21.00 0.00 -9.00 23.00 2.15 12.00
wall -13.00 0.00 23.00 18.00 2.15 26.00
wall -17.00 0.00 -13.00 18.00 2.15 -10.00
